FT  ID  AT  WT  ST  
4   4   2   0   2   
5   1   2   0   3   
5   2   2   0   3   
8   8   3   2   3   
8   9   3   3   2   
9   3   2   4   3   
10   7   3   6   1   
12   5   2   7   3   
14   11   8   2   4   
16   14   11   3   2   
22   10   8   12   2   
24   13   11   10   3   
25   15   12   10   3   
25   12   8   15   2   
28   16   12   13   3   
28   17   12   14   2   
29   18   12   15   2   
31   22   12   17   2   
34   20   29   4   1   
36   19   14   15   7   
36   21   30   5   1   
....................
Orders:21   [Norm:8, Veg:4, VIP:9]
Cooks:3    [Norm:1, Veg:1, VIP:1, Injured:0]
Avg Wait:7.47   Avg Serv:2.57
Urgent Orders:3  Auto-promoted:14 %
